151 226
153 252
157 280
161 306
168 331
182 355
198 375
218 391
245 397
272 395
293 379
310 359
325 336
334 312
340 286
346 260
350 233
169 212
182 196
201 190
223 192
243 200
271 202
290 198
309 198
327 205
336 222
255 219
253 238
252 257
251 276
229 286
239 291
250 295
261 292
271 288
195 220
205 213
218 214
229 222
217 224
204 224
278 226
290 218
302 220
311 226
302 230
290 229
216 324
227 318
240 314
249 318
260 315
273 321
284 328
273 336
260 341
248 341
238 340
227 334
221 325
239 324
249 326
260 325
279 327
260 326
249 328
239 325
151 226
153 252
157 280
161 306
168 331
182 355
198 375
218 391
245 397
272 395
293 379
310 359
325 336
334 312
340 286
346 260
350 233
169 212
182 196
201 190
223 192
243 200
271 202
290 198
309 198
327 205
336 222
255 219
253 238
252 257
251 276
229 286
239 291
250 295
261 292
271 288
195 220
205 213
218 214
229 222
217 224
204 224
278 226
290 218
302 220
311 226
302 230
290 229
216 324
227 318
240 314
249 318
260 315
273 321
284 328
273 336
260 341
248 341
238 340
227 334
221 325
239 324
249 326
260 325
279 327
260 326
249 328
239 325
